219 219 219 219 219 219 219 219 219 219 219 219 219 219 219 219 219 219 219 219 219 219 219 219 219 219 219 219 219 219 177 177 179 255 255 255 255 255 255 255 186 255 255 255 255 255 255 255 179 177 177 219 219 219 219 219 219 219 219 219 219 219 219 219 219 219 219 219 219 219 219 219 219 219 219 219 219 219 219 219
219 219 219 219 219 219 219 219 219 219 219 219 219 219 219 219 219 219 219 219 219 219 219 219 219 219 219 219 219 219 177 177 179 255 255 255 255 255 255 255 186 255 255 255 255 255 255 255 179 177 177 219 219 219 219 219 219 219 219 219 219 219 219 219 219 219 219 219 219 219 219 219 219 219 219 219 219 219 219 219
219 219 219 219 219 219 219 219 219 219 219 219 219 219 219 219 219 219 219 219 219 219 219 219 219 219 219 219 219 219 177 177 179 255 255 255 255 255 255 255 186 255 255 255 255 255 255 255 179 177 177 219 219 219 219 219 219 219 219 219 219 219 219 219 219 219 219 219 219 219 219 219 219 219 219 219 219 219 219 219
219 219 219 219 219 219 219 219 219 219 219 219 219 219 219 219 219 219 219 219 219 219 219 219 219 219 219 219 219 219 177 177 179 255 255 255 255 255 255 255 186 255 255 255 255 255 255 255 179 177 177 219 219 219 219 219 219 219 219 219 219 219 219 219 219 219 219 219 219 219 219 219 219 219 219 219 219 219 219 219
219 219 219 219 219 219 219 219 219 219 219 219 219 219 219 219 219 219 219 219 219 219 219 219 219 219 219 219 219 219 177 177 179 255 255 255 255 255 255 255 186 255 255 255 255 255 255 255 179 177 177 219 219 219 219 219 219 219 219 219 219 219 219 219 219 219 219 219 219 219 219 219 219 219 219 219 219 219 219 219
219 219 219 219 219 219 219 219 219 219 219 219 219 219 219 219 219 219 219 219 219 219 219 219 219 219 219 219 219 219 177 177 179 255 255 255 255 255 255 255 186 255 255 255 255 255 255 255 179 177 177 219 219 219 219 219 219 219 219 219 219 219 219 219 219 219 219 219 219 219 219 219 219 219 219 219 219 219 219 219
219 219 219 219 219 219 219 219 219 219 219 219 219 219 219 219 219 219 219 219 219 219 219 219 219 219 219 219 219 219 177 177 179 255 255 255 255 255 255 255 186 255 255 255 255 255 255 255 179 177 177 219 219 219 219 219 219 219 219 219 219 219 219 219 219 219 219 219 219 219 219 219 219 219 219 219 219 219 219 219
177 177 177 177 177 177 177 177 177 177 177 177 177 177 177 177 177 177 177 177 177 177 177 177 177 177 177 177 177 177 177 177 179 255 255 255 255 255 255 255 186 255 255 255 255 255 255 255 179 177 177 177 177 177 177 177 177 177 177 177 177 177 177 177 177 177 177 177 177 177 177 177 177 177 177 177 177 177 177 177
196 196 196 196 196 196 196 196 196 196 196 196 196 196 196 196 196 196 196 196 196 196 196 196 196 196 196 196 196 196 196 196 217 196 196 196 196 196 196 196 255 255 255 255 255 255 255 255 192 196 196 196 196 196 196 196 196 196 196 196 196 196 196 196 196 196 196 196 196 196 196 196 196 196 196 196 196 196 196 196
255 255 255 255 255 255 255 255 255 255 255 255 255 255 255 255 255 255 255 255 255 255 255 255 255 255 255 255 255 255 255 255 255 255 255 255 255 255 255 255 255 255 255 255 255 255 255 255 179 255 255 255 255 255 255 255 255 255 255 255 255 255 255 255 255 255 255 255 255 255 255 255 255 255 255 255 255 255 255 255
255 255 255 255 255 255 255 255 255 255 255 255 255 255 255 255 255 255 255 255 255 255 255 255 255 255 255 255 255 255 255 255 255 255 255 255 255 255 255 255 255 255 255 255 255 255 255 255 179 255 255 255 255 255 255 255 255 255 255 255 255 255 255 255 255 255 255 255 255 255 255 255 255 255 255 255 255 255 255 255
255 255 255 255 255 255 255 255 255 255 255 255 255 255 255 255 255 255 255 255 255 255 255 255 255 255 255 255 255 255 255 255 255 255 255 255 255 255 255 255 255 255 255 255 255 255 255 255 179 255 255 255 255 255 255 255 255 255 255 255 255 255 255 255 255 255 255 255 255 255 255 255 255 255 255 255 255 255 255 255
205 205 205 205 205 205 205 205 205 205 205 205 205 205 205 205 205 205 205 205 205 205 205 205 000 205 000 205 000 205 000 205 205 255 255 255 255 255 255 255 255 255 255 255 255 255 255 255 205 205 000 205 000 205 000 205 000 205 205 205 205 205 205 205 205 205 205 205 205 205 205 205 205 205 205 205 205 205 205 205
255 255 255 255 255 255 255 255 255 255 255 255 255 255 255 255 255 255 255 255 255 255 255 255 255 255 255 255 255 255 255 255 179 255 255 255 255 255 255 255 255 255 255 255 255 255 255 255 255 255 255 255 255 255 255 255 255 255 255 255 255 255 255 255 255 255 255 255 255 255 255 255 255 255 255 255 255 255 255 255
255 255 255 255 255 255 255 255 255 255 255 255 255 255 255 255 255 255 255 255 255 255 255 255 255 255 255 255 255 255 255 255 179 255 255 255 255 255 255 255 255 255 255 255 255 255 255 255 255 255 255 255 255 255 255 255 255 255 255 255 255 255 255 255 255 255 255 255 255 255 255 255 255 255 255 255 255 255 255 255
255 255 255 255 255 255 255 255 255 255 255 255 255 255 255 255 255 255 255 255 255 255 255 255 255 255 255 255 255 255 255 255 179 255 255 255 255 255 255 255 255 255 255 255 255 255 255 255 255 255 255 255 255 255 255 255 255 255 255 255 255 255 255 255 255 255 255 255 255 255 255 255 255 255 255 255 255 255 255 255
196 196 196 196 196 196 196 196 196 196 196 196 196 196 196 196 196 196 196 196 196 196 196 196 196 196 196 196 196 196 196 196 191 255 255 255 255 255 255 255 255 196 196 196 196 196 196 196 218 196 196 196 196 196 196 196 196 196 196 196 196 196 196 196 196 196 196 196 196 196 196 196 196 196 196 196 196 196 196 196
177 177 177 177 177 177 177 177 177 177 177 177 177 177 177 177 177 177 177 177 177 177 177 177 177 177 177 177 177 177 177 177 179 255 255 255 255 255 255 255 186 255 255 255 255 255 255 255 179 177 177 177 177 177 177 177 177 177 177 177 177 177 177 177 177 177 177 177 177 177 177 177 177 177 177 177 177 177 177 177
219 219 219 219 219 219 219 219 219 219 219 219 219 219 219 219 219 219 219 219 219 219 219 219 219 219 219 219 219 219 177 177 179 255 255 255 255 255 255 255 186 255 255 255 255 255 255 255 179 177 177 219 219 219 219 219 219 219 219 219 219 219 219 219 219 219 219 219 219 219 219 219 219 219 219 219 219 219 219 219
219 219 219 219 219 219 219 219 219 219 219 219 219 219 219 219 219 219 219 219 219 219 219 219 219 219 219 219 219 219 177 177 179 255 255 255 255 255 255 255 186 255 255 255 255 255 255 255 179 177 177 219 219 219 219 219 219 219 219 219 219 219 219 219 219 219 219 219 219 219 219 219 219 219 219 219 219 219 219 219
219 219 219 219 219 219 219 219 219 219 219 219 219 219 219 219 219 219 219 219 219 219 219 219 219 219 219 219 219 219 177 177 179 255 255 255 255 255 255 255 186 255 255 255 255 255 255 255 179 177 177 219 219 219 219 219 219 219 219 219 219 219 219 219 219 219 219 219 219 219 219 219 219 219 219 219 219 219 219 219
219 219 219 219 219 219 219 219 219 219 219 219 219 219 219 219 219 219 219 219 219 219 219 219 219 219 219 219 219 219 177 177 179 255 255 255 255 255 255 255 186 255 255 255 255 255 255 255 179 177 177 219 219 219 219 219 219 219 219 219 219 219 219 219 219 219 219 219 219 219 219 219 219 219 219 219 219 219 219 219
219 219 219 219 219 219 219 219 219 219 219 219 219 219 219 219 219 219 219 219 219 219 219 219 219 219 219 219 219 219 177 177 179 255 255 255 255 255 255 255 186 255 255 255 255 255 255 255 179 177 177 219 219 219 219 219 219 219 219 219 219 219 219 219 219 219 219 219 219 219 219 219 219 219 219 219 219 219 219 219
219 219 219 219 219 219 219 219 219 219 219 219 219 219 219 219 219 219 219 219 219 219 219 219 219 219 219 219 219 219 177 177 179 255 255 255 255 255 255 255 186 255 255 255 255 255 255 255 179 177 177 219 219 219 219 219 219 219 219 219 219 219 219 219 219 219 219 219 219 219 219 219 219 219 219 219 219 219 219 219
219 219 219 219 219 219 219 219 219 219 219 219 219 219 219 219 219 219 219 219 219 219 219 219 219 219 219 219 219 219 177 177 179 255 255 255 255 255 255 255 186 255 255 255 255 255 255 255 179 177 177 219 219 219 219 219 219 219 219 219 219 219 219 219 219 219 219 219 219 219 219 219 219 219 219 219 219 219 219 219
219 219 219 219 219 219 219 219 219 219 219 219 219 219 219 219 219 219 219 219 219 219 219 219 219 219 219 219 219 219 177 177 179 255 255 255 255 255 255 255 186 255 255 255 255 255 255 255 179 177 177 219 219 219 219 219 219 219 219 219 219 219 219 219 219 219 219 219 219 219 219 219 219 219 219 219 219 219 219 219